1000
180
192
77
225
240
279
228
47
183
208
140
258
207
196
143
253
185
38
143
152
170
132
77
251
270
125
287
291
178
118
287
35
132
252
83
280
119
234
241
33
31
63
74
264
177
199
168
206
54
160
52
208
263
299
156
164
38
143
85
74
156
228
154
137
189
130
244
147
40
285
167
163
95
261
175
112
290
75
158
260
262
151
115
63
91
119
267
33
34
32
50
119
79
257
157
265
271
182
62
198
73
72
256
214
89
201
116
201
255
254
43
161
197
132
291
294
235
220
95
139
59
136
257
153
63
61
137
82
291
268
126
45
264
217
211
92
300
45
237
100
46
264
246
62
94
147
113
208
274
245
215
292
159
219
73
241
150
106
211
67
227
42
134
176
267
295
168
148
237
167
75
137
250
35
50
267
46
110
102
196
293
257
144
258
75
52
217
114
234
79
82
257
131
199
297
262
298
87
94
183
74
242
294
184
65
293
282
197
172
94
110
56
59
278
71
244
269
38
142
94
103
289
72
133
69
74
152
254
114
167
84
159
40
68
263
231
245
211
115
69
140
144
209
152
134
138
280
254
297
78
192
123
102
130
240
86
181
64
40
110
46
130
285
132
93
233
180
108
86
263
62
90
148
276
237
224
108
260
126
84
208
150
75
122
201
63
134
79
241
294
131
40
62
95
251
295
284
221
179
223
125
206
60
188
225
101
179
200
220
181
45
71
213
258
167
247
98
229
67
175
147
149
287
124
291
121
168
37
129
186
112
300
215
138
197
236
85
30
257
193
203
279
189
291
162
89
130
245
173
143
163
78
222
281
291
218
61
206
89
62
250
110
144
111
129
204
289
109
72
48
116
82
249
200
162
249
120
179
196
274
42
45
83
100
131
243
187
134
107
222
182
277
248
245
286
89
45
93
282
176
67
209
224
194
230
111
56
185
194
163
265
210
272
100
86
253
37
81
88
62
220
295
60
254
131
67
84
163
44
201
220
70
299
176
239
163
63
283
38
237
277
138
299
285
94
187
227
275
180
70
294
106
178
160
237
34
292
271
213
299
84
237
153
68
66
221
217
218
164
129
276
196
261
49
132
161
129
265
30
296
67
280
177
118
129
60
44
161
233
55
267
272
231
111
32
50
84
211
243
48
169
182
44
107
62
36
212
163
177
142
66
223
81
126
273
60
207
51
285
173
192
73
127
51
296
206
160
267
195
121
207
205
149
39
270
124
40
75
96
86
162
273
95
95
35
121
233
71
139
159
156
152
235
102
37
289
285
47
256
238
225
200
255
285
68
243
226
66
146
193
42
241
40
173
161
99
42
52
68
107
89
67
224
129
272
88
149
131
174
230
174
212
274
134
85
291
174
173
246
168
159
66
290
219
223
54
120
293
116
54
133
90
135
276
86
261
91
110
172
125
74
224
188
200
168
200
152
129
227
217
33
116
234
85
39
259
173
31
193
138
154
43
161
30
248
132
162
87
100
48
182
270
232
158
243
213
145
81
68
30
90
129
43
233
125
159
294
62
144
154
154
288
150
181
244
284
62
290
141
53
84
209
130
62
34
256
86
202
274
133
118
119
197
38
51
76
89
222
127
289
66
263
225
67
119
96
146
53
38
36
173
196
57
283
267
202
193
275
294
99
187
202
125
31
271
297
172
270
161
289
83
155
271
263
248
34
244
67
255
287
115
117
194
255
272
129
190
210
230
194
77
163
266
261
189
256
71
264
223
84
125
147
39
196
90
196
183
83
228
106
135
198
207
52
120
144
155
152
190
220
230
59
200
253
178
219
187
113
162
37
214
268
89
164
65
194
31
112
204
134
52
36
237
196
102
147
65
172
285
198
253
244
157
152
233
120
291
209
274
61
158
170
134
39
299
188
178
107
203
208
173
202
62
109
53
170
229
66
259
134
145
222
61
236
273
183
256
208
121
271
235
202
163
65
230
205
81
33
195
93
155
228
76
257
61
285
107
104
145
171
132
148
197
159
216
106
225
84
114
54
152
272
223
77
101
201
208
41
162
218
176
32
85
142
54
74
56
105
185
258
265
258
67
274
123
180
194
73
226
144
215
199
257
200
224
81
171
174
205
152
236
250
269
37
256
260
222
235
130
256
159
197
300
58
291
120
65
105
200
190
34
133
74
167
49
138
295
208
124
248
272
209
172
48
198
195
90
48
33
44
228
206
30
75
107
159
57
254
134
295
127
254
275
46
63
283
221
162
223
99
55
190
156
111
122
65
128
232
222
99
113
67
274
166
291
81
248
127
192
58