-1545
9332
-2544
2404
6542
2200
-371
6742
-3173
-7272
-1795
-1709
4244
-9475
-9087
1331
4324
1899
6704
7062
2019
-1331
-1352
-2335
6368
-6674
4712
2103
-9690
-6532
3916
-5703
-4935
-8465
4053
-1621
6262
-766
-6776
2538
-9701
-1991
-7811
-3399
4266
-1527
7964
3886
50
2033
-3985
-5182
4255
-2484
-4659
-6923
2854
-9840
-7697
7092
3197
-1585
3192
6062
2190
3420
5986
-2496
-4481
4147
-312
5452
9743
-6897
-5477
-8086
8973
-16
2689
6790
-3384
-8846
4862
-246
-2264
-1199
-9341
-880
3735
-3194
3074
-7083
4204
-2293
9031
-9857
-3046
2882
2225
-7117
-7015
392
-8064
-4429
-6824
-6503
-5867
-9041
8827
-3549
-601
197
2729
-4340
9700
-6134
7996
-3610
-5631
7385
2167
3070
-5721
9395
-7269
2293
-4728
-8715
8098
4262
-626
5197
-3050
-7534
1977
6641
5443
703
-8751
-3993
-1790
8605
1090
-148
-1301
-9398
-4449
-5249
7377
-5978
3576
-9846
-1890
3558
-570
1310
2761
-4456
5377
5670
-3425
-8859
2254
3324
-5041
126
7418
-7665
3914
-6838
-2014
-1515
-8862
-5316
5617
9905
-6008
5419
-2918
2105
2033
7263
-5303
5821
789
-3783
3470
5761
-2038
-2654
-7884
-2942
4767
9336
6647
4973
-5048
-7753
-1729
-4058
-1280
-4019
9182
-7538
-5385
6001
-9828
450
9719
-9381
815
-3956
-361
6989
-7068
8722
-5306
-1899
6939
8854
-7335
-8347
-5914
-4349
9194
-6214
8015
4557
-1581
-2291
3387
3809
7770
-667
-4306
9817
8365
-3691
8315
863
7828
-6004
-7390
-2968
5030
7115
3071
8226
-3140
9992
8658
-4088
-2912
7023
-9823
-5647
5663
3978
-773
-5734
6140
-3913
4146
7926
-9994
-4984
8258
9437
-758
1101
8456
5960
3725
3819
-2179
1812
2806
1738
-8427
-9582
-4940
7100
6784
3884
1897
9985
-5411
2786
1550
3930
5836
-5673
308
133
-7004
-2089
-2225
5450
201
-6559
-4432
-9984
7388
-6809
3288
-3741
5802
-581
6159
1352
8516
4539
4971
-2873
-202
3021
9630
-7451
-3970
8997
-9204
-8315
8831
-6572
-2678
282
8488
1955
8063
-5520
4976
-8205
1516
6114
-5102
-9869
5321
3239
6869
754
9233
-2457
9316
8286
-7804
-9858
562
-6311
5735
-3937
-7088
-276
-9793
4531
-2289
-8858
-6759
8276
-7124
6035
-5859
-6179
-3588
-3428
8390
6472
-1752
-7881
7229
-1766
-7269
-8033
4211
-4261
5352
1294
769
7843
4437
1409
172
7363
-2980
-1938
9578
-9465
1056
6506
-3797
-6710
-7219
-1010
-7415
9189
-2257
7184
-4674
-371
5606
-9145
-7660
1803
-1770
-5061
-4584
-4848
-3399
8343
-5293
-3870
-856
8985
-3360
-6303
-2234
8328
9515
-4542
2949
2449
3154
9901
7437
2371
-2968
3258
-3983
3986
1676
-1335
-422
-4358
9260
5717
-6560
84
-6800
4370
3852
-3973
6290
7577
8639
-3686
-3525
-5004
-8669
4652
6785
4303
597
4567
1890
-8786
8972
-1120
-8435
-8401
3634
-7655
-1928
-8290
-7003
-8934
2029
4208
3216
-526
3971
-1665
2645
5785
-3625
9653
-2029
1735
-1305
4493
6132
4568
21
1150
7837
-590
4009
-4573
1109
1245
-2760
9446
-6267
-7595
3577
-583
9230
-8578
-3365
8891
1843
-8521
624
6699
-9025
-3910
-9010
-7663
-4562
-5755
-7388
-6904
-9462
-9493
-2399
6186
-3392
-6093
9635
-7034
7792
6319
5457
8541
3878
-6080
4503
-1916
577
9372
4736
4611
5770
8014
6162
-9809
-5742
7483
-1416
4384
2684
2515
857
6486
-643
-9753
8806
-9312
424
-2389
6600
7700
-3111
187
-4926
3734
-4759
-8018
8177
4415
7287
3012
-6198
-5385
-2327
-121
1515
-8665
-1027
8460
-4074
1511
5251
1770
-9755
-1957
9878
9665
2658
2081
1469
2802
316
-9411
-5519
4353
-5959
-8785
5397
7408
-2310
-3863
2329
5212
-302
1886
-3694
3155
-8533
-2524
4753
-6860
8474
9103
4657
1873
-5069
8777
-592
3606
-384
6421
3195
323
-4930
2296
9264
2004
-7982
3309
-4988
-4659
-8188
2839
-2253
-7071
-1055
1365
519
-2912
3049
8204
-3566
2721
1451
-6749
-7222
2350
7401
-5808
1313
5397
-1556
5066
-4522
-7380
6664
-4804
2603
-1040
-9037
118
2284
-525
-1246
-2272
-5861
791
-4063
-8835
5975
-3637
2063
-3072
7367
6611
4882
3150
-7647
-4032
2392
1999
4109
-4745
5001
2883
101
-6612
-1795
3802
-9030
6226
-9263
-795
-8769
-6746
4807
-7262
-9776
1552
-6613
-5024
-7998
6010
2693
-2178
5230
1200
9014
-9883
2396
5793
-340
-1338
-1333
2580
-4961
-5873
9011
8484
-2
-8403
8937
-5305
-7535
-4440
3818
-4851
3689
6803
-2877
-5281
7064
-1824
-2896
-1276
-669
5935
2909
7295
-8356
-9165
4755
-7886
-4070
-8307
-7764
3167
2028
-9580
326
-151
-9270
-7312
4804
4100
-4470
3719
5433
9740
-3246
9338
4683
-8528
-2251
1123
7013
-8912
-9750
7595
-4066
7987
-4508
7500
5353
-6902
6355
8602
8200
4783
-455
4316
-3086
4622
-3450
-9539
-6263
9648
-1344
-7721
2277
-1553
8321
5473
-4917
7980
-9410
3987
-1979
5279
3722
-2741
698
660
-5904
-6543
-837
37
5122
-9221
-1078
-138
4379
3384
8787
-2713
-8489
-602
-4415
8281
1085
-7115
7474
-619
7926
-85
-6822
-6509
9438
-665
-4635
468
-6702
3357
1658
237
-1253
2045
-5395
-1288
-1969
-7193
-7611
3003
-5935
5706
6802
-902
8472
3008
-8842
-1100
2660
7020
9546
3413
-5615
581
824
-4873
-4159
3329
-5956
-5734
1010
7958
-2407
-3104
5487
4797
1265
-6129
9365
-1954
-9853
-5676
7144
7549
-5126
-3117
-9439
1799
-2434
-8808
-9729
-3042
6644
-3922
1807
-9437
-8620
-2809
4224
-3365
-6687
759
5391
-45
4310
4438
-6487
7051
-9874
-3795
-5072
472
-2457
489
-157
-2369
8706
6540
-4671
-3642
-1602
1730
-7595
-9656
4552
2528
-8015
-4079
-1178
-9095
550
8367
-8436
892
5049
-94
-1809
-9975
-5448
-6187
-2026
-7077
7206
576
5725
7610
-1461
-2821
8334
-844
-4417
1659
4838
5351
-57
7973
6755
-7803
-9405
-1372
4027
850
-6439
6967
7592
7400
8908
-3032
6418
7779
6921
-8481
8873
7239
-3967
8662
6860
1615
7424
8893
5292
5377
4080
-3471
-9885
-6884
2730
1980
-1013
-1026
-914
2014
8957
1958
-7306
5895
4465
4346
8092
-7447
-6023
-8882
1186
8574
-7350
1732
-1462
-2280
46
-8782
-7024
-5324
-7856
3503
710
-786
4197
-5759
233
8674
-3403
-8554
5813
-2348
8087
1531
-1807
2588
-1273
7932
-899
7693
-5796
-5005
-4515
4893
5289
4288
4901
-7783
9136
8788
6686
-6862
-1568
-7071
-1704
3350
7178
199
-4730
4232
6186
-3076
-5659
1153
-1684
5134
3217
1560
-2056
8293
5707
-7858
8177
-848
385
-8218
-3519
8119
-7103
7721
6335
8577
7646
7070
-5621
7532
1294
-999
9132
-7830
-9552
-8828
4417
-3361
-796
-8005
-4427
-8460
3039
-4353
6299
-3348
5792
-5289
-5373
5266
8251
-9971
-634
-2033
-7689
1124
8151
-3949
8943
351
-7653
-2089
-8460
-148
-9920
8971
-2571
-9311
-4777
6719
5635
8175
-5267
2509
5798
-4938
6989
-1223
4800
9086
-1835
-904
-105
2441
8769
9003
7504
7479
3264
-9104
3959
1826
-7842
3921
1914
-2299
-7946
-6763
-8356
2900
4240
-5020
-3222
-6835
-9544
-5959
-1046
3906
5194
-5127
1653
-4297
-2405
-1336
1356
1910
-132
-6453
3453
-4232
4149
5138
2827
-1624
1454
-9686
3228
-512
2319
6441
4351
-8905
-706
7851
-6943
-5139
6298
5381
7304
-7820
1906
-227
-6913
6205
1816
-7629
5289
-4832
-8967
-1450
2140
5279
-3791
123
2314
9189
-6298
-4325
-7341
2567
-6016
3640
4715
-7477
-7742
-708
4978
-9658
5349
-2060
9168
9184
-2919
-5456
5064
2674
-5863
-6645
-9577
-4544
4132
-5076
-2170
-1713
2687
2397
-2429
-2985
2246
9030
5228
7958
5567
-1545
-907
5374
884
-207
-4058
-9587
-3720
7778
-2915
3095
6326
607
-3785
-174
4641
8470
7912
-6338
-1151
4218
-5636
1809
8474
4573
8150
-6124
3771
-4401
7982
-7893
9390
-4059
5342
6465
9691
-98
929
7729
-8913
972
-7299
-5175
7252
-3257
-648
-1650
-8440
-9887
6170
4385
5641
7544
-2018
1492
8594
-4798
4094
4240
-9870
8432
-5837
-8592
7179
-3521
9108
-7546
-3598
8095
1851
2136
-8315
-6656
7921
-7895
9116
7107
8857
-7472
-3731
-1377
7533
-2900
-2090
1305
-1519
318
-470
-9219
-3575
3308
-9681
-1510
-9347
6099
1759
-8497
5067
-8221
-3182
-3029
7972
4372
4379
-445
8290
-8123
819
2252
4235
-7524
1222
223
-2028
-2354
-5869
-869
-508
8694
-7563
2741
563
-9174
-7996
4413
-3844
-4800
6833
9257
42
-9422
5022
468
596
-3713
-1893
-8420
-202
5365
-9763
-4991
-8294
2574
3256
6119
4362
1073
-8178
-8879
5861
-8930
5635
4407
-8940
-1264
-8845
4897
9836
8435
710
2295
856
8662
-7552
6984
9350
-4238
7679
-3656
-7543
-7905
-8022
2938
322
3147
5814
-8524
865
-4823
-1308
7463
-664
6749
2493
-2584
-8795
-493
7693
-7142
-9506
-7665
8528
465
9869
-7290
-4099
-4077
7340
5244
-7182
-9469
-8475
2584
2750
864
-8512
3141
9436
-8167
2798
-2948
-7110
8127
3965
-6516
2897
-181
-9092
8411
-4481
-6539
-1240
6313
1713
-2535
5397
-839
-910
-68
6478
-2975
7254
-2617
-6311
-5303
5296
8385
-934
-7527
-93
-6303
-5219
783
-9694
2917
-8684
-9599
1920
-1998
7941
-7043
7900
-5108
710
9216
-5491
1043
-726
-1404
-4
662
6781
208
-1917
493
6665
-1077
-9602
8598
8475
-6109
8106
-3973
8931
1186
7239
-8690
-1748
91
2087
-587
2661
9962
-942
-2248
-7862
-1496
4633
-3548
1901
44
2192
0
-6869
2981
-241
-3992
7771
-4473
8066
-1514
454
-9153
2378
1709
-8902
4028
230
-4886
8026
1649
-7325
-3272
-1659
-7411
2345
1938
-1252
-3163
-3785
1701
7638
264
-3764
6244
221
-2135
-6378
8141
-2297
5751
4605
7566
6054
-8782
-1487
-8061
-1782
9382
1391
1323
-8038
-2641
-1218
9230
7423
2700
8384
-8015
-3217
-9219
-3922
-6413
2181
-3361
2955
5538
-5013
-7158
4784
-30
-7456
-7910
9923
9032
-3834
191
-6364
-4614
-5789
-8642
8172
-5720
5004
7939
-1167
-245
1277
-8584
9652
-7651
-99
2029
-4537
-6951
7140
119
-8347
-3943
577
-3563
-1789
7479
5980
-995
-2730
-6852
2151
7903
2631
-1060
-9138
-4151
6930
-7450
4854
-9810
-361
8093
3098
-9710
5888
1801
3020
8372
-6322
9471
-430
1160
-6582
-6315
-2384
9483
3757
-3839
6204
904
-1148
-89
5909
3918
3785
-2294
5262
-8064
2826
8173
6453
8198
8360
3835
-5143
272
721
-5493
-659
-6055
-6370
-1830
-6862
-9331
-7718
9678
-2768
7670
1206
-5481
-7301
3566
4437
-1235
465
-3149
-3359
5124
4175
-407
-5543
-6620
-9252
-851
8454
5631
-9582
-8773
1421
-6598
-9189
-2224
-9090
-8262
57
-1970
9681
671
-6263
5023
9505
2406
-2777
5343
244
-2589
1734
-4723
-1053
-1826
6374
1953
8523
-8062
4269
4748
-537
1269
3530
715
3153
102
9700
4941
6948
-3876
632
1840
6683
6272
-2313
-9169
606
-576
-2120
3718
6320
1277
8400
-1573
-7441
-642
-7425
-2801
-5187
-308
5060
2455
-811
-5816
-6101
114
3110
4353
6328
-595
8144
-9189
-7537
3755
-8962
-1727
-2468
9188
8953
-5903
3879
-4157
-3294
9056
4529
-4500
4207
8051
-2259
8181
3969
-1078
-1948
3882
1044
-7371
-5198
2363
-9386
-8132
364
-1229
-8110
4262
-4170
-3662
-7566
-8522
-3405
5979
-7111
-7944
-721
-2156
1791
-5714
-5118
2930
-1890
-3147
4053
-2675
4837
-1204
3629
6739
8796
-9148
9384
-4031
6468
9555
1147
5689
678
8785
6217
3626
4072
-119
7506
-5059
-1809
3710
-1200
9180
-8455
-4186
3639
6888
1594
-4898
7974
-8332
-1100
4838
-8328
-9507
-459
-5317
-6014
-1583
-3166
-4997
-5683
4853
3872
7041
4789
8863
8903
-2982
-2872
-2998
-3223
5303
4270
3864
-342
-8623
-2549
4421
-3380
6493
-1463
952
2921
1661
-196
2778
8406
-2662
-1768
-7989
8455
284
-9665
1739
-1132
9774
-705
2402
6046
9691
-827
9204
-3035
-3050
-533
706
-6255
6445
1974
8780
-4642
9557
-9203
-6463
8905
-6423
1005
1264
2859
-9374
5849
-6962
-8392
-861
8336
3813
-8931
9792
-6581
-8194
-1418
-4395
369
-7805
-7210
106
4657
-5832
-3589
9469
-6517
4273
3699
9018
8054
9348
-276
-2169
3781
9963
-4984
8026
1088
7386
-7517
-3376
2176
-5143
-5353
4141
3459
7408
2065
9292
6801
-6669
-9563
831
-7222
-4596
-3558
2673
-3727
4104
3249
7380
-5518
-1569
-3768
-4489
-4164
-3046
-4277
-7034
1334
2574
-2442
-9983
8043
9946
-7456
-6072
4210
5926
-1965
8363
4907
5017
-6680
5282
-1011
-7383
-6523
-7380
-2813
134
-4014
-2385
-157
-3899
7932
-7882
7256
-5436
9990
-9701
-7537
1904
7048
9588
-9335
-9162
-1250
7200
-3814
6068
5445
9684
-7467
6205
-9889
8169
2215
648
944
4501
8375
489
-1271
-4037
-4015
9276
3882
2802
-4926
-1183
477
1418
6877
-9964
-5657
450
4798
7919
-4429
9900
8423
2263
-9258
3968
-440
-8701
-3175
-7477
8740
6865
-1777
-2891
-7291
4910
-2559
1737
8937
8836
-7949
-9405
7064
1514
8340
4388
4533
-6133
-7146
-2341
5048
-92
-1562
-6315
-7551
947
6867
9515
-3687
6806
9853
5274
-6625
9491
3787
-3075
-6023
4637
5272
4171
8783
-1823
-7440
3222
5628
1902
412
4972
6370
5537
-888
7620
-9713
-8358
9271
-9730
5300
1632
-5582
807
-5106
-394
-6082
1401
2098
1821
-7314
-678
3545
6143
3887
-3449
-7219
-953
-4461
7038
4448
-7598
-801
8160
-1782
4491
-7516
5514
-1665
1557
-350
1517
9452
-1601
2507
6523
7370
-8650
-2250
1121
-7615
-4550
-306
6932
-5022
-2772
-5193
-3251
6965
-2460
-7563
-3657
337
-4564
7283
-5537
-4687
-8738
3355
-2602
-7706
3851
-3848
2216
-2375
-3066
116
9760
-8097
-5777
-3469
-1313
-8726
7084
5698
-1217
-3783
-5132
-1119
-4571
2270
-8844
-2915
5950
-3311
7709
-7298
9585
-435
-2819
-906
1516
3864
-2939
-5322
4747
2841
-862
4868
-6406
3170
-4386
-1979
-1010
-2990
1086
-4162
2283
-2055
-2999
4820
9866
6413
3594
6711
9258
-4238
7166
7944
3576
4048
-2208
8536
753
4577
-9091
-5037
-9484
-9795
-8020
-2689
5424
-9480
-6484
9758
874
-7356
-9055
-4527
-7870
-1254
-7485
-6321
-3347
5801
9655
-9086
2477
1033
-6023
-498
2299
276
-2311
-3715
9544
9371
5851
-5249
-3108
9012
-679
9943
-9462
-6462
-8214
5370
822
3330
7542
6181
7648
598
-6653
2955
-7095
4040
-8849
763
4969
-3323
8235
5147
867
-9595
5768
2201
-6512
-8783
7950
-9517
-8980
-9383
-7808
-3196
3430
1600
-2808
6473
-2048
-5743
1836
-2045
5941
2340
2469
7831
4719
3961
7326
4936
-2703
7104
-3456
-7262
2469
-2826
-617
4169
5760
6481
9045
-5400
-4112
-1533
217
576
5390
1820
8748
3980
-2162
4361
2990
8060
-1702
-5580
-1245
4309
-9993
-5956
2785
-420
9737
-9179
-8560
372
-1696
7308
9192
-8895
8256
-1585
9327
-9317
-6329
-9260
-5542
6226
-7571
-2244
6004
-4561
-6358
-4045
1103
-6012
-9707
3277
-3148
-1383
-1479
6600
2365
-5925
-5982
12
1078
-9159
-2414
-7970
1221
-8041
-5610
1340
-7229
-8731
3645
7804
-8869
-3690
-2377
2928
7866
-7630
-9708
5744
6370
-1524
707
-4162
3709
-9352
-8095
-4252
6532
7021
119
-4203
-3666
7653
-2116
-8979
-2370
-616
64
3946
-7141
-4138
6779
-585
-475
-2476
-8085
1573
-1685
-9256
-7128
7637
8824
5822
9879
4394
-4344
8165
4432
-7928
-616
6280
-8578
9946
6088
716
-9880
-1426
4058
839
8266
8181
3609
3517
2368
-627
-6948
-618
3986
974
1831
-4229
5334
3229
-7626
-9607
-1621
3127
263
-1981
-6880
-7401
-5731
3330
-3748
7102
5717
-892
1139
-7448
1727
9621
-1699
5306
-482
5219
-2138
1323
6508
-8595
8563
3330
-8402
2195
3867
-1817
-7873
-2562
6005
2802
-2186
2206
-4527
-6068
1664
7075
-629
-950
-1977
-9144
-266
-6566
-5179
3458
183
2948
7745
-3247
9287
-9067
-2862
-1926
-1459
2002
-8475
-8995
-1682
-4127
-7352
-3934
8711
-5088
2321
-810
5654
-3306
5401
6026
8039
-5220
-4125
9271
-1539
5801
-8272
-9093
5852
3505
-981
-7115
-7608
6496
-4218
4471
4431
313
3465
-7678
2293
-1357
-8080
-5639
469
506
-6283
-4970
2374
-2441
-8913
2690
-6361
-1767
-9729
5307
-7769
3403
-8114
5688
-4710
-5873
5105
-7251
-7193
-1368
-8619
-3989
-3508
-4638
4431
137
-9761
-5301
-7872
-3199
964
-441
-9752
1032
-5619
551
8209
6853
-9246
5706
-6255
907
-8502
1953
-7367
7927
-7011
482
9527
-1912
1412
4929
8810
57
-5867
-9728
1609
-9691
9515
7820
59
-7703
-2443
-8423
-1661
3065
5448
-7385
1367
-2370
-1543
-2855
-7093
3568
470
-4084
859
9173
-4433
2918
6880
-2907
1405
6859
6958
-9104
-9172
4318
1768
-4808
3292
722
-9371
-620
-4761
-4056
8908
4852
-2497
1785
1279
5965
8696
5215
6703
-7990
-7548
-4197
9611
-7747
916
-3973
-8071
7920
6041
-1285
4513
7903
-1780
3909
3030
-7991
7182
-6497
-4844
330
2258
-8770
6121
2858
-9078
9792
6421
9573
-8272
6009
-6625
-9505
-3738
4988
228
-4416
-8689
-6554
6006
-9012
-1784
-9512
974
-7961
9582
-6229
6796
5629
-3141
8366
2162
318
-3538
-2178
-7891
9659
2024
6697
-2124
-5305
516
52
-9658
4195
1633
-6784
-688
175
6920
9576
3855
-1444
-5509
6287
-9202
-1782
5351
3200
-6129
-563
4438
-9787
195
-2915
4547
2520
-9003
-9873
-1631
2697
8816
-8730
7077
-5670
7817
5427
-5970
-7786
4405
-7562
6842
-1736
1996
9287
2487
2232
6562
1328
-684
1439
6998
-3575
4169
-6384
4195
1884
-2979
-3021
-3102
7240
-8196
-1874
-4704
-6631
-4240
-8923
2670
-7861
-1330
-3623
1713
3254
8958
5148
-2669
-7813
5035
7815
-4829
-1805
7741
-1576
-5441
7697
-1976
6176
1401
-3439
-1221
5815
-2848
7576
-6398
8722
2053
7366
2291
9206
-2248
-6128
4782
4150
7453
2247
5931
-7105
-146
-3120
3663
8869
2319
-4822
-8616
-7680
-8994
-4058
-9844
-3810
-3232
939
-7531
2937
-2818
-3074
-6516
-2387
7592
3002
6868
3121
-1693
-5147
954
-5626
-2577
-8502
5153
5625
-1087
525
-4658
-4924
9018
8539
-541
7730
4794
3113
5178
8791
8383
9304
3751
2987
6594
-8094
4976
7123
4412
7409
-4537
-2213
6398
-9654
-5381
-7812
-121
-8074
8853
-3851
2339
3341
2473
6049
1932
-8794
-7096
108
-9372
-1691
9643
-8769
324
-9800
-2005
6964
7574
1699
-1013
7325
8639
-6827
-5136
4150
-1928
1597
-7880
5578
-7841
8244
3648
-4471
5203
4329
-973
-1880
-5771
-7941
-6873
2660
-7521
-9961
2632
-5234
5138
4446
7652
3511
-7450
-6083
-8301
-2327
4929
9884
-6159
1878
9017
-2583
8656
-1030
7490
9425
7868
-8492
3204
-1709
6122
-7389
8832
-6909
-2339
12
-1152
3927
-2638
5520
-2887
5951
310
8715
724
9676
-2720
6267
-596
6698
-3112
-3317
-3950
7294
-3714
-3122
7495
-82
-3857
-1081
-7416
-7131
-758
-5188
-2174
7522
-3854
5703
-6473
4601
1528
-4073
-9978
-8177
-938
-8024
-829
-4305
-9031
-7464
9921
-7445
221
-1827
7132
-2597
-1604
1431
-9692
-2505
-5096
-1838
-4574
9908
2549
-5604
-3394
8657
7652
-1855
-6988
1323
8609
-7760
5177
-8938
8727
-2718
8541
5682
-8206
-7294
2806
5217
4340
-1655
-4196
-3786
-2933
9921
-4443
138
2196
-8598
7626
1973
-7627
-8467
-3197
8573
5717
-1514
-8658
-3441
153
-7299
8293
4962
4126
6057
-7643
-6616
-5561
-3322
-7408
4196
2378
-7381
-1294
-8952
4838
-3096
-4862
-8073
9682
-3029
2596
-9819
6489
2988
-6250
-9824
747
6129
-3561
631
-9111
2744
-4049
-9298
-660
-6540
3000
3272
7090
-2630
4230
957
6343
-365
-848
-3218
-5696
-4445
-8371
8049
-7678
-6765
-3153
-7001
-1310
2776
5673
-4298
-5829
-4153
5595
7095
8572
-3717
-1199
-9127
-1360
-851
3338
8624
8088
5094
1286
7867
-6599
7655
-5698
-2404
-5769
1855
-8800
-5995
5024
-8051
-6712
8088
2060
3472
3230
9773
2444
5449
-112
-9284
9716
8310
6989
-3256
-5295
-1105
-8871
-6513
2244
7887
-2840
6937
952
4781
-7983
-656
4544
2482
7279
-6947
-648
7789
-6883
3684
6264
-9675
8191
5670
2538
9681
-7958
-7454
-7297
8410
7012
-9329
9776
-4100
-2963
1830
-651
5055
-8841
983
5402
8731
-6173
-9568
8622
6683
8189
9698
1315
-2055
-6315
-78
2551
-1668
7554
2121
-624
400
5553
-6828
-599
6638
-626
-53
-2132
-5552
-4059
-5086
-1330
-9715
8968
-5571
-4854
-489
-3661
5333
9969
-1791
-7915
-8439
-4820
1765
-6875
-5701
9683
1215
-4991
-6210
-2461
2797
6535
-8062
2609
-774
4845
-2819
1671
-1069
-1947
-8776
-6690
-6788
7920
-3536
-887
-6672
2067
5907
7552
2403
9931
3931
4005
1017
997
-1621
5119
-7835
1829
4713
6563
2333
-742
1039
-6659
-9303
1995
-7210
4104
-8618
8333
8968
-9936
587
9301
-7743
6313
-5752
-7979
-1526
-3324
5432
5238
9937
5727
5136
-7524
4802
-5975
-6969
8078
-1759
4535
5396
-7313
4
2858
-7824
-8766
3814
-556
6263
5566
8766
500
-8549
-9418
-9695
-1264
3364
-9357
-9709
2256
7220
-1596
-4150
64
-4954
-2924
6583
9142
-8509
-545
6394
-3847
-1331
7512
2228
-5755
8948
2558
-1624
9127
204
-1806
-6007
-81
5746
248
-9170
-3345
6117
2016
-6722
-8498
5958
-365
-5747
4433
-2676
-8981
-8488
1114
-5045
-7799
9800
925
4558
-4662
8074
-4091
-7600
8920
1541
-2117
-4538
-4567
37
5113
5518
2026
2303
-7380
-7561
-1510
-4086
-2989
1819
-7801
-3487
5736
4795
3240
4677
4050
2496
3388
1531
-4441
9491
4319
5971
3689
6122
-2537
1182
3641
1424
6211
-8035
2356
-3408
5146
8793
8852
-4844
-5135
4791
-9999
2078
4852
-3292
6353
8610
-7863
-9609
5515
5882
-9458
3470
-5017
-7390
4517
662
-4904
-4785
4387
5186
-4882
7102
-296
-1115
-7338
-3523
7613
2568
-1367
-4895
-8577
-8606
6394
-3001
-9280
6743
8768
-6644
3504
-8014
1334
-188
-6114
-2113
-804
8869
8459
6577
-8189
-3742
-7488
-9590
948
9970
-1007
5085
2929
-3588
-7013
-5274
5363
-407
-5968
9964
4228
-4066
4198
3886
-7048
-2929
1152
2342
9860
-5650
-2726
1994
-1117
3013
-3209
5372
-5914
-9890
-7809
-6058
9061
-4479
-4903
-3854
9663
7928
-9812
2311
-3323
8838
5237
5108
2275
-6078
-7328
9324
-8619
-4418
-5540
1424
6837
2538
7152
5519
1842
83
2980
7334
9367
-897
-9898
-9030
654
-6127
5775
806
5616
-5656
-9440
-8647
-917
5279
9711
8370
7015
-2201
-6318
-3610
6145
-2892
1129
4376
7970
3153
-6315
-6188
-7400
9995
9803
-4217
-8983
-3248
-2219
5241
-7576
-2541
9258
1872
1908
-3683
7081
-9707
-372
-1616
-803
1430
9931
-6189
-5465
1478
-2373
-1581
7909
-2666
3783
-7117
-1244
9494
7463
9973
209
-346
-4897
5934
-5354
-4443
-257
-1699
-4903
-7439
-5177
8236
-6433
-458
-5092
-2794
-555
8495
2826
9875
-8628
-8695
5475
2091
-6616
-9920
1470
-9095
-9284
4603
-2869
2067
8745
-5207
6334
4992
8795
8167
9437
303
-8976
-8795
8556
6234
1946
7258
-3894
6070
-1923
2217
-629
6216
-5234
4967
8285
-3293
-9846
5632
-249
-6439
-8857
-3547
-4031
-9414
1572
7200
-4283
1731
8913
7120
4474
4040
-4309
-1697
7092
-4214
7254
-1142
-8269
8718
-2634
5436
-4199
5783
5359
-582
-3396
7731
8074
-6253
-2417
2009
4601
2117
-6201
-7405
3878
320
-692
7755
8187
-4964
7163
-3634
-9702
8714
-4268
4700
1371
-254
7511
-7594
-2650
-2388
8147
420
9492
-389
-522
9372
2064
-7575
7290
-9212
2305
-2862
-7804
-3491
-5079
8259
3742
5113
-4536
8340
-5490
-5668
1593
-9478
-2935
-302
4
-9126
4512
9682
-4769
2768
8853
5097
2780
-2489
5078
5684
3941
2764
-2950
-5443
-4126
4756
-7584
2122
-3563
-9086
-4846
5743
3370
2920
6612
-1904
4420
-5178
-8604
5230
-7315
-635
-3616
-3798
-921
-4841
1826
1987
5856
6635
5580
-927
5762
4721
9697
-423
2387
1370
944
-172
-5791
-9574
6314
6445
-9008
-4397
937
-1915
5685
7030
450
2706
8446
5259
8058
6241
-2036
-3538
4723
-8592
6425
9366
-5369
8297
6548
-80
-8756
-1249
-6958
-32
-6806
8641
6640
-1471
-598
-3401
9821
-9682
-8729
-5281
-4364
-9292
-3749
-5004
4744
-582
-9249
-3166
3795
6456
1821
5239
5828
-2812
8285
-9919
-2418
-1096
-2155
-6149
-106
4897
174
-7066
-3664
-8058
-1901
-1945
-2365
-441
-2350
1048
7878
518
-8850
8840
4306
-1707
2940
-286
9563
8163
-6164
5967
-6748
-863
4158
-7323
-3523
-1235
5238
304
5253
9576
8986
5085
-2525
3138
-2944
-8010
-8492
3657
-1782
1615
9426
8220
1556
-9248
-2226
-2468
464
248
8299
-2583
4973
3468
-7463
-8019
-9742
1323
4900
5086
6855
701
6047
-3005
5264
-8096
-7237
1448
5060
2896
-590
-7738
-591
4286
-1048
-6864
-7320
-8305
628
-692
-1150
2612
-691
-7600
-9978
5157
-8703
-7720
7617
613
-3956
310
9891
1539
4374
6615
-1266
-66
1652
7232
-3740
8594
-2993
6224
-7348
6868
8123
786
-8153
9470
-7109
759
4558
8745
-5772
8778
2979
-4844
-5275
-6498
3477
9062
-9023
1927
9859
-4074
9596
-6552
7946
-5514
165
-9988
-1800
-7358
4694
1025
6634
9526
7774
4014
6601
-6427
585
-7589
-3690
320
-4773
8318
5111
7510
2949
8664
6899
1520
2237
1937
-1163
1553
2731
-7148
6828
1054
4039
-2241
-5758
9971
7991
2602
7346
6370
1897
-8935
4650
5117
5275
4262
1509
-3751
3902
8798
-5526
4865
3591
-3430
1648
8111
9917
6406
5440
-1613
-5654
-3558
5461
-3971
-7742
7299
5350
4918
-3233
-4638
-4155
6143
-3952
3550
1467
4679
-9587
-6813
6148
-6851
-6595
-3429
-173
2319
-3617
-6495
7359
-7482
7558
-8414
-924
3291
8690
-8746
7634
-4796
-7701
-7728
9892
4101
1628
936
1915
899
-7873
-3806
7269
-9112
-3173
-6396
6666
-1956
6937
-7857
4941
3802
4845
2558
-3016
-6579
-9619
528
5800
527
-3619
-2415
3511
-5273
-2865
-1668
6282
-56
397
-7409
-108
7270
2501
-5881
-1373
-1252
-576
-2960
-139
2650
-8984
8923
-5126
-5891
5628
-2931
6272
-8785
4042
5854
7924
8181
-9693
-4277
-4261
-7904
-1639
-7854
-245
5245
-3375
-1391
9202
3765
7862
-1589
-613
-2470
7248
-1704
-2076
4274
7203
-7230
9870
-6598
9783
-2440
3970
-7543
4397
-1112
-2107
7115
-6901
560
-4365
9866
-4266
9308
-3709
-3598
-2945
-7540
227
7763
4058
7866
-7725
5883
-674
3382
-2422
-9659
-5562
-8047
-7555
-8798
5885
4386
6061
69
1011
6920
7440
330
-215
-9307
2040
7889
7711
-5413
-8004
6932
7694
-851
-7439
-9969
-4549
-2996
8614
400
4380
4761
-5304
3230
-7249
-3907
8363
3853
-2791
-6835
1884
-3333
2489
8695
-4661
-2340
-3339
-3450
3795
-2274
7806
-8409
15
616
-9746
-8613
6906
-7956
-5829
953
1382
5008
-268
-6755
4543
-296
2286
4274
6293
-5436
5636
-9781
-3928
-6914
-6707
1451
-2862
-2655
-8115
9379
3024
-7837
6796
2062
3800
8682
-6831
-8631
-551
-9201
1285
4060
9317
-9453
9796
5473
2867
-9996
1395
-764
5007
-6620
1759
-5532
-5053
669
1045
-9907
-7044
63
2370
-629
8508
-476
5144
9494
4231
-5784
1077
6454
9191
-3308
4776
2796
-7020
-4248
1740
-5386
-7065
-5109
3270
746
-284
2074
-3322
-4488
715
2417
-4720
2305
-2911
7861
-9496
4128
6161
9345
3081
649
-2272
-1012
810
5484
441
-6426
-7536
2798
-3606
-6187
-1002
3518
-5056
-8663
9067
9251
-6761
459
-9973
-6442
-1575
-5159
382
-8909
9770
9869
-5339
-5916
-4579
-8447
604
-7502
-3558
4357
-845
9280
-1370
4532
-8433
632
-3850
7037
-6205
-9772
-692
9343
5885
-1141
7995
2686
-4937
-1177
3372
5534
-2079
-8663
5923
-6392
-5479
-468
8176
1862
-9124
5662
9404
-2047
1446
9944
-5060
4399
-3891
6233
1040
-479
-8327
-6445
2964
7506
-9529
-9095
-8844
6323
7000
7635
-4277
9456
7627
-6441
2681
1568
-7301
-2427
-7782
2187
6593
5064
8704
883
9656
-1657
-2891
-1104
5556
8920
3636
-9166
6601
-5747
-4877
1609
9926
-4188
7483
-9744
2711
8047
1861
-2460
1933
1781
-2748
-2286
-8011
2578
-806
-131
-8948
-9680
2594
-2408
-3975
-2043
4326
-9695
2937
-3321
-4607
1237
-2243
-6477
-8814
-3036
-5640
6760
-6971
259
4752
-5725
-3079
-260
-7345
-9677
-4157
8393
3309
-8767
8805
6873
1393
7411
4929
518
9746
-4260
-8255
58
-8964
-3924
-1341
2688
-4533
1930
4543
-4106
-4300
3391
6238
8012
-7140
-6277
-3401
7141
4012
-3604
8029
-1205
-9283
-241
4138
1955
3801
-172
-5881
-1541
8978
-9984
-5846
4992
-5556
-8646
-2212
-5080
-1120
1273
-5073
-254
827
4530
2648
-4696
3518
8568
-8033
-2052
-2317
-2269
5753
6919
8103
4428
-1219
-318
-7070
-7802
-8946
-1066
-2902
4969
-5752
6678
-1228
-5587
-245
-6703
-5164
8957
6693
-3002
-345
-1861
-83
1681
-6291
-1308
9513
-3255
3934
6639
4765
5599
4269
-3956
4526
6316
2439
7348
-3916
-5379
-4877
4305
3283
-7199
5347
-972
5554
7183
2432
-3205
-8222
-805
3979
-844
1419
-5765
-2385
-9493
-4907
-3184
1785
-5270
-5196
-101
-5704
1003
-8706
-7168
-5823
7335
-4477
-3452
4321
4599
-1434
4015
-7246
-5351
-190
-4666
7170
8007
866
1134
-4129
-1686
-6912
1766
-8891
-2925
6657
-3637
-6087
3070
6361
3126
8594
-2812
1655
4843
-8675
6823
-9453
-2951
-7298
5848
-8496
-9368
8130
5977
-3475
876
-8875
6189
7420
-9883
7834
-7992
-1312
-2307
-9607
-8071
-566
-8438
-3789
-899
7792
4710
-8210
-2596
3956
-5
-8076
-1346
7923
-4942
-6295
2784
-4256
4651
6914
5987
-1095
-6937
1254
-6899
283
-3900
-1682
4602
5397
1316
-3284
2972
-3791
7948
-6983
992
-380
3205
-9312
2352
-9075
-4711
5272
-2483
282
-7201
9669
7814
4324
-7157
570
8416
6571
9245
-9867
-1255
1086
3053
-2086
5227
-7148
5358
-5663
-9216
-6976
-8838
9296
-6073
3767
-3503
3821
7354
7817
8187
6988
486
8961
1703
-8238
4282
5412
7066
7090
9638
4969
213
-7609
9513
136
1454
-2533
-3854
1097
9067
-9067
-7149
8287
-9453
6422
3801
-9175
-9673
-6677
1098
-6433
7886
-9320
-317
-5146
-7209
-6564
9660
4030
-2949
4308
-4730
-7560
283
-8237
-7977
2948
-6362
7191
7210
-2222
4532
9050
6219
-5507
2125
-5415
-1114
-8985
1758
410
94
-2791
3504
8253
-9526
236
5866
61
-169
-1661
2501
3801
9248
-3329
1057
1174
5374
9946
7711
5631
2285
2204
-960
-8934
4194
8039
7448
6507
5589
9628
-1066
3036
-9976
-5809
8909
-2141
1365
-5620
6972
8996
-7652
-4161
5554
170
4123
4713
2653
9623
8986
3812
3358
-8677
-9081
-6225
566
9541
91
7472
7174
-2701
-1751
-6770
4566
-37
826
41
-8234
-4148
-1701
4023
3541
-8958
8042
393
-4170
-3582
8593
-5200
2312
-2197
887
-2117
-2807
6917
8485
1905
-5698
-5456
6603
737
-7762
3048
4658
-4264
4566
6331
-3750
-301
2296
4027
-2092
-8791
-9597
-1407
2829
4499
7464
834
3648
-8728
-1694
6383
6335
9350
4339
1288
-4954
6475
-5363
4245
9680
5035
-925
-9763
8809
882
5577
-8305
8181
-8113
-371
-7392
-7370
4066
-3317
-4641
7752
-7760
2513
-7572
-9396
4620
-3528
-300
7612
-7689
7540
9499
7724
2085
9586
1414
-2920
-9753
-2743
-7326
-7059
-8848
