800
13	
32	
60	
9	
35	
54	
45	
18	
4	
17	
59	
30	
17	
39	
46	
32	
20	
16	
22	
61	
35	
54	
7	
97	
40	
71	
66	
5	
67	
58	
12	
57	
42	
54	
91	
72	
29	
78	
51	
86	
27	
8	
91	
14	
36	
92	
76	
70	
96	
66	
46	
2	
2	
34	
70	
33	
17	
78	
51	
48	
75	
78	
74	
99	
8	
54	
33	
34	
6	
4	
96	
64	
100	
25	
18	
10	
98	
99	
81	
41	
67	
18	
100	
96	
50	
40	
55	
67	
4	
57	
94	
52	
71	
39	
50	
72	
1	
95	
54	
53	
66	
63	
54	
63	
76	
28	
23	
71	
20	
61	
31	
79	
22	
23	
29	
77	
21	
36	
6	
16	
73	
59	
27	
25	
41	
43	
61	
84	
71	
41	
31	
74	
46	
90	
41	
95	
11	
85	
40	
57	
25	
93	
58	
12	
30	
79	
62	
39	
35	
40	
61	
22	
83	
22	
78	
52	
32	
40	
35	
41	
2	
85	
3	
6	
66	
70	
46	
75	
14	
81	
79	
98	
4	
42	
52	
79	
67	
53	
3	
59	
40	
99	
96	
20	
16	
12	
26	
59	
74	
34	
95	
26	
40	
56	
42	
70	
33	
84	
81	
20	
79	
75	
29	
16	
60	
8	
88	
34	
15	
87	
10	
60	
85	
62	
58	
9	
37	
13	
61	
51	
79	
89	
85	
93	
79	
96	
15	
48	
9	
64	
22	
74	
96	
99	
97	
92	
23	
59	
11	
31	
81	
33	
38	
82	
97	
10	
68	
68	
30	
44	
27	
18	
13	
37	
78	
76	
12	
34	
31	
23	
55	
41	
79	
3	
91	
2	
15	
18	
82	
10	
53	
10	
46	
16	
42	
54	
12	
46	
74	
15	
6	
93	
41	
3	
20	
77	
22	
81	
21	
2	
78	
45	
87	
93	
37	
50	
38	
60	
74	
92	
57	
65	
74	
8	
92	
53	
35	
3	
66	
15	
61	
51	
45	
79	
66	
44	
10	
25	
67	
34	
97	
83	
15	
77	
14	
42	
54	
73	
3	
26	
86	
55	
98	
48	
88	
80	
87	
37	
84	
93	
39	
57	
57	
71	
97	
46	
82	
12	
48	
88	
99	
98	
17	
15	
59	
64	
34	
74	
21	
48	
97	
26	
25	
66	
15	
18	
6	
81	
73	
80	
76	
4	
34	
81	
81	
33	
39	
15	
52	
92	
86	
15	
11	
3	
75	
64	
86	
92	
100	
70	
78	
43	
20	
19	
75	
97	
92	
99	
58	
86	
54	
91	
2	
72	
15	
87	
13	
47	
12	
93	
75	
32	
29	
13	
63	
25	
51	
81	
39	
24	
11	
40	
3	
37	
50	
95	
61	
72	
75	
15	
88	
6	
79	
40	
43	
48	
98	
96	
29	
75	
52	
61	
9	
66	
26	
47	
95	
51	
95	
57	
43	
28	
50	
85	
93	
47	
71	
20	
11	
96	
22	
88	
9	
23	
75	
89	
26	
99	
7	
35	
37	
98	
82	
17	
61	
42	
68	
1	
96	
26	
5	
59	
1	
76	
93	
60	
49	
74	
86	
85	
18	
40	
77	
29	
1	
13	
1	
78	
91	
24	
94	
27	
29	
39	
75	
61	
75	
77	
9	
25	
1	
7	
1	
83	
64	
39	
33	
2	
10	
39	
45	
30	
70	
61	
25	
19	
38	
91	
2	
81	
64	
61	
35	
6	
55	
68	
32	
83	
36	
70	
82	
40	
50	
39	
30	
73	
76	
21	
3	
26	
91	
49	
95	
8	
86	
89	
96	
23	
71	
81	
42	
34	
56	
37	
65	
35	
61	
82	
98	
67	
38	
94	
9	
6	
24	
43	
71	
50	
17	
66	
44	
24	
83	
14	
73	
45	
18	
91	
45	
41	
2	
52	
49	
100	
13	
87	
61	
93	
50	
36	
85	
56	
18	
45	
87	
22	
12	
98	
46	
6	
83	
13	
42	
77	
9	
56	
55	
14	
90	
63	
13	
35	
64	
70	
3	
4	
35	
92	
30	
13	
32	
75	
74	
53	
100	
24	
85	
49	
58	
83	
68	
17	
26	
37	
77	
95	
21	
79	
52	
83	
61	
22	
55	
40	
60	
13	
93	
49	
40	
97	
25	
48	
67	
20	
78	
17	
11	
5	
52	
4	
76	
13	
21	
89	
31	
56	
81	
88	
51	
62	
12	
81	
85	
97	
93	
14	
59	
74	
74	
21	
31	
59	
62	
88	
6	
54	
33	
23	
64	
22	
54	
48	
40	
32	
38	
33	
26	
44	
12	
78	
54	
46	
88	
49	
32	
25	
9	
59	
32	
74	
87	
79	
59	
91	
50	
95	
3	
18	
57	
23	
44	
23	
72	
33	
7	
81	
8	
85	
77	
45	
90	
91	
67	
81	
2	
43	
76	
67	
98	
11	
35	
42	
47	
36	
12	
31	
96	
70	
44	
96	
19	
33	
7	
78	
59	
34	
20	
24	
76	
95	
39	
7	
88	
51	
36	
100	
14	
8	
64	
56	
81	
89	
56	
18	
92	
42	
41	
88	
65	
18	
59	
52	
77	
6	
24	
49	
28	
77	
75	
30	